tensor([[[15, 22, 23,  ..., 16, 16, 34],
         [18, 27, 26,  ..., 31, 15, 21],
         [ 2, 19, 22,  ..., 37, 22, 29],
         ...,
         [47, 22, 37,  ..., 28, 21, 44],
         [39, 46, 45,  ..., 34, 23, 36],
         [43, 51, 39,  ..., 37, 29, 28]],

        [[55, 62, 60,  ..., 41, 49, 70],
         [54, 64, 60,  ..., 59, 79, 63],
         [47, 61, 57,  ..., 70, 74, 61],
         ...,
         [70, 48, 73,  ..., 63, 50, 75],
         [66, 81, 81,  ..., 66, 54, 72],
         [73, 80, 74,  ..., 69, 62, 64]],

        [[21, 29, 27,  ..., 17, 21, 44],
         [30, 31, 24,  ..., 28, 46, 32],
         [23, 29, 23,  ..., 40, 50, 33],
         ...,
         [67, 42, 63,  ..., 42, 32, 56],
         [60, 72, 71,  ..., 49, 38, 52],
         [66, 71, 64,  ..., 52, 45, 45]]], dtype=torch.uint8)