((tensor([[[[ 0.8934,  0.4160, -0.1455,  ...,  0.0314, -0.1232,  0.5431],
          [ 2.1531,  0.3613, -0.1763,  ..., -0.1154, -0.4047,  0.4043],
          [ 2.3754,  0.3632, -0.2203,  ..., -0.3207, -0.2059,  0.6739],
          ...,
          [ 2.3647,  0.5601, -0.2287,  ...,  0.2445, -0.6981,  0.5828],
          [ 2.3435,  0.1588, -0.5707,  ...,  0.4138, -0.3406,  0.4667],
          [ 1.2068,  0.4701, -0.1952,  ...,  0.4288,  0.1446,  0.0627]],

         [[ 0.6644,  0.8793,  0.7833,  ...,  0.7766,  0.6621,  0.4786],
          [ 0.9314,  1.1339,  1.0880,  ...,  0.7559,  0.7092,  0.6199],
          [-0.8073, -0.8687, -0.7432,  ..., -0.3273, -0.3896, -0.2659],
          ...,
          [ 0.6021,  0.4320, -0.0451,  ..., -0.0513,  0.2904,  0.2799],
          [ 0.0857, -0.0395, -0.1023,  ..., -0.1549,  0.3767,  0.5596],
          [-0.1336, -0.4416,  0.0203,  ...,  0.1427, -0.0680, -0.1698]],

         [[ 0.0100,  0.0967,  0.3318,  ...,  0.3478,  0.1915,  0.2167],
          [-0.1339, -0.0144,  0.3168,  ...,  0.3645,  0.1164,  0.2519],
          [-0.2689, -0.0108,  0.3626,  ...,  0.4197,  0.1253,  0.0738],
          ...,
          [-0.0936, -0.0897,  0.1090,  ...,  0.2047,  0.0591,  0.0493],
          [-0.2707, -0.2031,  0.1012,  ...,  0.2183, -0.0432, -0.0758],
          [-0.1262, -0.0775,  0.1243,  ...,  0.1966, -0.0474, -0.1171]],

         ...,

         [[-3.8010, -4.9019, -4.9109,  ..., -5.3300, -5.3490, -3.8902],
          [-6.6003, -8.6109, -8.2759,  ..., -8.4716, -7.9800, -5.5505],
          [-7.1533, -8.9298, -8.6102,  ..., -9.2948, -8.4884, -5.7732],
          ...,
          [-3.6734, -5.6321, -6.8790,  ..., -6.3076, -4.6616, -3.4215],
          [-3.2677, -4.1965, -4.8633,  ..., -4.3866, -4.1311, -3.3373],
          [-2.6402, -3.4277, -3.7134,  ..., -2.8607, -3.3884, -3.0164]],

         [[-3.6300, -4.5437, -4.7334,  ..., -4.3497, -4.2667, -3.1962],
          [-4.6492, -6.3107, -6.2054,  ..., -6.0540, -5.8538, -4.0150],
          [-5.2635, -7.4358, -7.3533,  ..., -7.9814, -7.2816, -4.5989],
          ...,
          [-4.8079, -7.0047, -7.9819,  ..., -7.2093, -6.0247, -3.9994],
          [-4.4734, -6.2105, -6.8758,  ..., -6.4428, -5.9236, -4.0792],
          [-3.7197, -5.0311, -5.4551,  ..., -5.1520, -5.0551, -3.8437]],

         [[-3.2937, -4.1004, -4.2720,  ..., -4.3399, -4.1003, -3.0018],
          [-4.0688, -5.5690, -5.4212,  ..., -5.5475, -5.4145, -3.6515],
          [-5.2915, -7.6939, -7.5745,  ..., -8.4410, -7.8682, -5.1030],
          ...,
          [-4.9683, -7.7467, -8.9328,  ..., -7.6318, -6.2835, -4.2990],
          [-4.6058, -6.9864, -7.7863,  ..., -6.7179, -6.2989, -4.4533],
          [-3.7440, -5.5161, -6.0895,  ..., -5.5756, -5.4844, -4.1242]]]]), tensor([[[[ 9.3773e-02,  3.6543e-02,  2.7075e-01,  ...,  2.7220e-01,
            1.4317e-02,  1.4447e-01],
          [ 4.0767e-01, -2.0670e-01,  2.2576e-01,  ...,  3.2988e-01,
            1.6568e-01, -2.8304e-01],
          [ 6.5338e-01, -6.1033e-01,  3.4761e-01,  ...,  4.2380e-01,
            2.3063e-01, -3.2426e-01],
          ...,
          [ 8.9295e-01, -4.5427e-01, -8.7050e-02,  ...,  6.0128e-01,
            6.2393e-01, -3.5332e-01],
          [ 7.3599e-01, -1.8113e-01,  3.5127e-01,  ...,  5.4429e-01,
            5.7095e-01, -4.9701e-01],
          [ 7.0217e-01, -1.6765e-01, -1.2228e-01,  ...,  5.4224e-01,
            4.9718e-01, -1.3786e-01]],

         [[ 2.9106e-01,  5.8795e-01,  7.4892e-01,  ...,  6.6627e-01,
            6.7047e-01,  5.9711e-01],
          [ 4.0972e-01,  3.4555e-01,  2.8762e-01,  ..., -7.4318e-02,
            3.3199e-01,  4.3743e-01],
          [ 1.0060e+00,  8.6658e-01,  3.9075e-01,  ...,  3.6233e-02,
           -1.2179e-01, -3.4021e-02],
          ...,
          [-2.5440e-01, -1.5847e-01,  2.0665e-02,  ...,  6.7599e-01,
            7.9785e-01,  6.2314e-01],
          [-7.0266e-01, -1.0527e+00, -6.5844e-01,  ..., -7.7237e-01,
           -5.4009e-01, -2.7687e-01],
          [ 2.9724e-01,  2.0279e-01,  2.3500e-01,  ...,  1.3332e-02,
           -2.0875e-01, -7.3184e-02]],

         [[-1.0949e-02,  1.8020e-01,  9.0357e-02,  ...,  1.0360e-01,
            7.5113e-02,  6.2757e-02],
          [-2.6860e-01,  1.1911e-01,  3.8507e-02,  ...,  8.7783e-02,
           -1.3111e-02, -6.7114e-02],
          [-3.2110e-01,  1.1160e-01,  6.5744e-03,  ...,  2.4900e-02,
           -6.5625e-02, -3.1140e-01],
          ...,
          [-5.4822e-03,  3.8709e-01,  3.6367e-01,  ...,  2.6305e-01,
            2.3377e-01, -2.7877e-01],
          [-1.4332e-01,  5.7322e-01,  3.2094e-01,  ...,  3.0645e-01,
            2.9508e-01, -3.1362e-01],
          [-3.1473e-01,  4.6079e-01,  2.9510e-01,  ...,  2.2711e-01,
            1.7584e-02, -2.4373e-01]],

         ...,

         [[-4.1211e+00, -4.6286e+00, -4.1756e+00,  ..., -5.3836e+00,
           -4.1959e+00, -3.0081e+00],
          [-5.6455e+00, -5.7735e+00, -5.4706e+00,  ..., -6.3054e+00,
           -5.2678e+00, -3.6881e+00],
          [-6.9884e+00, -7.1449e+00, -6.9632e+00,  ..., -7.2155e+00,
           -7.0115e+00, -5.0380e+00],
          ...,
          [-4.3738e+00, -3.6171e+00, -2.7251e+00,  ..., -2.9610e+00,
           -2.9217e+00, -3.3659e+00],
          [-4.5114e+00, -3.3191e+00, -2.7522e+00,  ..., -2.0491e+00,
           -2.2830e+00, -2.9076e+00],
          [-4.1221e+00, -3.4995e+00, -2.9020e+00,  ..., -2.8367e+00,
           -2.9705e+00, -2.3358e+00]],

         [[-5.3636e+00, -5.3955e+00, -5.4530e+00,  ..., -5.1079e+00,
           -5.1887e+00, -4.6443e+00],
          [-5.6296e+00, -5.5357e+00, -5.4429e+00,  ..., -5.4902e+00,
           -5.9561e+00, -5.1833e+00],
          [-5.6100e+00, -5.4319e+00, -5.4815e+00,  ..., -6.4022e+00,
           -6.5198e+00, -5.4741e+00],
          ...,
          [-5.4424e+00, -5.5865e+00, -4.9594e+00,  ..., -5.4386e+00,
           -5.7144e+00, -5.8544e+00],
          [-5.4830e+00, -5.3416e+00, -5.1659e+00,  ..., -5.9536e+00,
           -5.7223e+00, -5.6003e+00],
          [-5.3203e+00, -5.3653e+00, -5.0013e+00,  ..., -5.4504e+00,
           -5.3443e+00, -5.0716e+00]],

         [[-4.3084e+00, -4.2983e+00, -4.1503e+00,  ..., -3.6763e+00,
           -3.4558e+00, -3.5413e+00],
          [-4.3504e+00, -4.5024e+00, -4.6136e+00,  ..., -4.2925e+00,
           -4.8777e+00, -4.7648e+00],
          [-4.5140e+00, -4.5806e+00, -5.1898e+00,  ..., -5.5686e+00,
           -6.1224e+00, -5.3522e+00],
          ...,
          [-6.0751e+00, -6.7770e+00, -6.0634e+00,  ..., -5.6007e+00,
           -6.1319e+00, -6.6078e+00],
          [-5.2384e+00, -5.9649e+00, -6.0792e+00,  ..., -6.3265e+00,
           -5.8244e+00, -5.9088e+00],
          [-4.9276e+00, -5.2567e+00, -5.2753e+00,  ..., -5.4242e+00,
           -4.8724e+00, -4.3626e+00]]]]), tensor([[[[-2.2890e-02, -1.9553e-01, -1.0536e-01,  ..., -1.6408e-01,
           -3.3359e-01, -4.2804e-01],
          [ 6.5776e-02, -7.2247e-02, -5.1191e-01,  ..., -5.5548e-01,
           -8.1826e-01,  3.9100e-01],
          [ 1.0049e+00, -1.4505e+00,  1.2658e-02,  ...,  7.5389e-01,
           -1.2296e+00,  6.1033e-01],
          ...,
          [-8.2065e-01, -1.0799e-01,  2.6111e-01,  ...,  3.7385e-01,
            1.0208e-01, -3.5974e-01],
          [-8.0920e-01, -9.5008e-02,  6.4239e-02,  ...,  4.5525e-01,
           -1.0503e-01, -6.1795e-01],
          [ 2.4489e-02, -2.6005e-01, -1.3598e-01,  ...,  6.0138e-01,
           -1.6653e-01, -4.3905e-01]],

         [[-2.3468e-02, -2.3666e-01, -5.8603e-01,  ...,  1.2735e+00,
           -1.8215e-02,  6.7946e-01],
          [ 5.3209e-01,  7.6999e-01,  3.7282e-01,  ..., -1.4962e+00,
           -5.1744e-01, -6.2608e-01],
          [ 6.9240e-01,  8.1225e-01,  2.5146e-01,  ...,  1.2074e+00,
            5.3620e-01, -1.1243e-01],
          ...,
          [ 3.3986e-01,  3.0876e-01,  1.3692e-01,  ...,  1.5052e+00,
            9.6084e-01,  6.8423e-01],
          [ 8.5736e-01,  9.6158e-01,  6.2499e-01,  ..., -2.6745e-01,
           -4.3488e-02, -2.0883e-01],
          [-3.6766e-04, -2.4957e-01,  2.3195e-01,  ..., -3.7854e-01,
           -5.3325e-01,  1.6445e-01]],

         [[-4.4404e-01, -4.2333e-01, -3.2353e-01,  ..., -5.1957e-01,
           -2.0960e-01, -4.7161e-01],
          [-1.0494e+00, -1.0700e+00, -8.5891e-01,  ..., -3.0256e-01,
           -3.4431e-01, -6.0156e-01],
          [-1.0935e+00, -1.1463e+00, -7.6355e-01,  ..., -5.5464e-01,
           -8.1251e-01, -5.0949e-01],
          ...,
          [-8.9564e-01, -8.3665e-02,  2.5432e-01,  ..., -3.7941e-01,
           -8.8619e-02, -4.4241e-01],
          [-7.4357e-01, -2.1918e-01,  2.0840e-01,  ..., -2.0028e-02,
            5.2810e-01, -1.9743e-01],
          [-7.5913e-02,  5.5242e-01,  3.9628e-01,  ...,  2.5462e-01,
            5.8655e-01, -4.5927e-02]],

         ...,

         [[-5.1634e+00, -5.7018e+00, -5.1969e+00,  ..., -7.4332e+00,
           -6.5188e+00, -5.5278e+00],
          [-4.3570e+00, -6.0236e+00, -5.7788e+00,  ..., -8.8657e+00,
           -6.7252e+00, -5.5490e+00],
          [-5.4980e+00, -6.6243e+00, -5.8858e+00,  ..., -7.9983e+00,
           -6.0570e+00, -5.0765e+00],
          ...,
          [-5.6462e+00, -6.9082e+00, -7.5174e+00,  ..., -5.5592e+00,
           -6.3480e+00, -5.7724e+00],
          [-5.9695e+00, -7.0301e+00, -8.9211e+00,  ..., -7.0393e+00,
           -6.9843e+00, -6.5966e+00],
          [-6.4942e+00, -7.7590e+00, -8.9528e+00,  ..., -7.9491e+00,
           -7.0211e+00, -6.6441e+00]],

         [[-5.0326e+00, -4.8551e+00, -5.4476e+00,  ..., -5.9815e+00,
           -5.9588e+00, -5.7572e+00],
          [-5.4808e+00, -5.5174e+00, -5.8565e+00,  ..., -7.0146e+00,
           -6.3521e+00, -5.9823e+00],
          [-6.0220e+00, -6.1096e+00, -6.2466e+00,  ..., -6.8604e+00,
           -6.3511e+00, -6.4175e+00],
          ...,
          [-4.0076e+00, -3.9371e+00, -4.1626e+00,  ..., -7.3432e+00,
           -8.7594e+00, -7.5788e+00],
          [-4.3020e+00, -4.5654e+00, -5.4033e+00,  ..., -8.0368e+00,
           -7.9935e+00, -6.8132e+00],
          [-4.6570e+00, -5.0117e+00, -5.4992e+00,  ..., -6.9511e+00,
           -6.3782e+00, -6.0729e+00]],

         [[-5.2959e+00, -5.2566e+00, -5.5286e+00,  ..., -5.6389e+00,
           -6.2300e+00, -5.9952e+00],
          [-6.0588e+00, -6.2349e+00, -6.5002e+00,  ..., -6.8158e+00,
           -6.9589e+00, -6.0815e+00],
          [-6.5517e+00, -6.6508e+00, -6.5902e+00,  ..., -7.3975e+00,
           -7.3575e+00, -6.7272e+00],
          ...,
          [-4.5684e+00, -4.9851e+00, -5.5340e+00,  ..., -8.5884e+00,
           -1.0134e+01, -7.8085e+00],
          [-4.2889e+00, -5.7760e+00, -6.8566e+00,  ..., -9.4363e+00,
           -9.4726e+00, -7.4154e+00],
          [-4.6532e+00, -5.8205e+00, -6.8222e+00,  ..., -7.9930e+00,
           -7.3780e+00, -6.4547e+00]]]])),)